3000 0
2950 545
2900 768
2850 936
2800 1077
2750 1198
2700 1307
2650 1406
2600 1496
2550 1580
2500 1658
2450 1731
2400 1800
2350 1864
2300 1926
2250 1984
2200 2039
2150 2092
2100 2142
2050 2190
2000 2236
1950 2279
1900 2321
1850 2361
1800 2400
1750 2436
1700 2471
1650 2505
1600 2537
1550 2568
1500 2598
1450 2626
1400 2653
1350 2679
1300 2703
1250 2727
1200 2749
1150 2770
1100 2791
1050 2810
1000 2828
950 2845
900 2861
850 2877
800 2891
750 2904
700 2917
650 2928
600 2939
550 2949
500 2958
450 2966
400 2973
350 2979
300 2984
250 2989
200 2993
150 2996
100 2998
50 2999
0 3000
-50 2999
-100 2998
-150 2996
-200 2993
-250 2989
-300 2984
-350 2979
-400 2973
-450 2966
-500 2958
-550 2949
-600 2939
-650 2928
-700 2917
-750 2904
-800 2891
-850 2877
-900 2861
-950 2845
-1000 2828
-1050 2810
-1100 2791
-1150 2770
-1200 2749
-1250 2727
-1300 2703
-1350 2679
-1400 2653
-1450 2626
-1500 2598
-1550 2568
-1600 2537
-1650 2505
-1700 2471
-1750 2436
-1800 2400
-1850 2361
-1900 2321
-1950 2279
-2000 2236
-2050 2190
-2100 2142
-2150 2092
-2200 2039
-2250 1984
-2300 1926
-2350 1864
-2400 1800
-2450 1731
-2500 1658
-2550 1580
-2600 1496
-2650 1406
-2700 1307
-2750 1198
-2800 1077
-2850 936
-2900 768
-2950 545
-3000 0
-2950 -545
-2900 -768
-2850 -936
-2800 -1077
-2750 -1198
-2700 -1307
-2650 -1406
-2600 -1496
-2550 -1580
-2500 -1658
-2450 -1731
-2400 -1800
-2350 -1864
-2300 -1926
-2250 -1984
-2200 -2039
-2150 -2092
-2100 -2142
-2050 -2190
-2000 -2236
-1950 -2279
-1900 -2321
-1850 -2361
-1800 -2400
-1750 -2436
-1700 -2471
-1650 -2505
-1600 -2537
-1550 -2568
-1500 -2598
-1450 -2626
-1400 -2653
-1350 -2679
-1300 -2703
-1250 -2727
-1200 -2749
-1150 -2770
-1100 -2791
-1050 -2810
-1000 -2828
-950 -2845
-900 -2861
-850 -2877
-800 -2891
-750 -2904
-700 -2917
-650 -2928
-600 -2939
-550 -2949
-500 -2958
-450 -2966
-400 -2973
-350 -2979
-300 -2984
-250 -2989
-200 -2993
-150 -2996
-100 -2998
-50 -2999
0 -3000
50 -2999
100 -2998
150 -2996
200 -2993
250 -2989
300 -2984
350 -2979
400 -2973
450 -2966
500 -2958
550 -2949
600 -2939
650 -2928
700 -2917
750 -2904
800 -2891
850 -2877
900 -2861
950 -2845
1000 -2828
1050 -2810
1100 -2791
1150 -2770
1200 -2749
1250 -2727
1300 -2703
1350 -2679
1400 -2653
1450 -2626
1500 -2598
1550 -2568
1600 -2537
1650 -2505
1700 -2471
1750 -2436
1800 -2400
1850 -2361
1900 -2321
1950 -2279
2000 -2236
2050 -2190
2100 -2142
2150 -2092
2200 -2039
2250 -1984
2300 -1926
2350 -1864
2400 -1800
2450 -1731
2500 -1658
2550 -1580
2600 -1496
2650 -1406
2700 -1307
2750 -1198
2800 -1077
2850 -936
2900 -768
2950 -545
